0.190356
0.21931
-0.194953
-0.009081
0.234983
0.076293
-0.240195
0.04004
-0.230293
0.199999
-0.782197
-0.702691
-0.358378
0.060649
-0.269571
-0.057123
0.202295
0.262346
0.266267
0.72134
0.705935
0.637545
0.906975
0.926764
0.904397
0.762091
0.924714
0.459918
0.287335
0.158921
0.193957
0.548056
0.445361
0.530756
0.447117
0.233426
0.610557
0.45232
0.374387
0.51361
0.660926
0.970086
0.6242
0.263175
0.261754
-0.006884
0.439804
0.622444
0.586016
0.428033
0.265006
0.254083
-0.131043
0.243822
0.098692
0.236387
0.300893
0.044635
0.722098
0.480648
0.561298
-0.129861
-0.105631
-0.129892
0.131762
-0.184811
-0.128525
-0.465227
-0.701212
-0.443632
-0.143595
-0.683225
-0.207169
-0.154702
0.395219
-0.355902
0.083576
0.497581
0.842904
0.569282
0.648439
0.805494
0.926373
0.49019
0.894907
1.061438
1.229743
1.219906
1.160783
1.220041
1.233434
1.054176
0.792898
0.798107
0.172226
0.253342
0.550122
0.64049
0.764209
0.553107
0.67624
0.746841
0.915074
0.626958
0.785898
1.077221
1.324642
1.058793
1.175854
0.89685
0.888504
0.782349
1.006151
-0.167496
-0.442044
-0.475493
-0.508581
-0.371035
-0.160983
0.107562
0.290621
-0.186794
-0.31619
0.176231
0.090576
0.155142
0.529923
0.695197
0.962252
0.529055
1.168245
1.506768
1.458966
1.391719
1.41495
1.536063
0.939342
0.878428
1.364748
0.793396
0.983053
-1.090036
-1.361054
0.249687
0.681872
-1.354663
0.495477
0.24644
0.553648
-1.962312
-2.298286
-1.395657
-1.077966
-1.897713
-1.765295
-2.179891
-1.846162
-1.792411
-1.654264
-1.788926
-2.635097
-1.84301
-0.538432
0.014153
-0.236862
0.092784
0.746886
0.559579
0.99701
1.174578
1.198739
1.119518
0.536124
1.592918
1.333204
1.148168
1.231613
1.517123
0.876136
1.247678
0.781609
1.571759
1.443874
0.15697
0.903974
0.862876
0.998366
0.213726
0.716109
0.512189
0.734583
1.128001
0.84953
0.463602
0.640859
0.134045
0.060355
0.117092
-1.099833
-0.092003
-0.393679
-0.085515
0.093927
-0.344171
-0.692875
0.016306
-0.351123
-0.23132
-0.618393
-1.231413
-2.28738
-1.203933
-0.27861
0.073208
-0.071297
0.319347
0.385157
0.260177
0.474735
0.593142
0.848593
1.061634
-0.375895
-1.733542
-0.762521
0.59614
0.302612
1.050273
0.636826
0.039687
-0.079273
-0.994664
-1.886815
-1.802554
-1.139422
-0.688324
-0.52495
-0.153278
-0.183037
0.056686
0.478363
0.471228
-0.701775
-1.675212
-1.695326
-1.401364
-0.909368
-0.28523
-0.723317
-0.164676
0.469351
0.730988
0.111717
0.53492
-0.866427
-0.119888
0.405068
0.465341
-0.484193
0.005903
0.237392
0.402269
1.175875
0.482204
0.214039
1.281448
1.363679
0.635476
0.538885
-0.167724
0.685033
-0.331411
0.139542
0.077364
-0.240493
-0.536908
0.058981
-0.621909
-0.694669
-0.944563
-0.359702
-0.777354
-0.649895
-0.849335
-0.459676
-0.860636
-0.337371
-0.012742
0.014883
-1.348203
-0.280434
-0.627883
0.45528
0.731288
-0.015963
0.355066
0.261961
0.817045
0.876686
0.992154
0.481305
0.782346
-0.030652
-0.696566
-1.459669
-2.064007
-1.325954
-2.020432
-0.154452
-2.071029
-1.596435
-0.556236
-0.508018
-0.128469
0.223753
0.158651
0.516423
0.566354
0.533106
0.398412
0.022671
0.306656
0.642504
0.935609
1.605576
0.052853
-1.900826
-0.468573
-0.02776
-2.22318
-0.291853
0.263597
0.311962
0.280972
-0.240657
-0.283774
-0.037192
0.465691
0.478785
0.320185
0.220522
0.12007
0.86232
0.965418
0.506242
0.98263
1.075387
0.68028
0.6161
0.397841
0.273997
0.393929
0.515411
0.760007
-0.577316
-0.532207
0.064427
-0.71406
-0.277118
1.190652
1.050481
-0.472944
0.217793
0.614584
0.435441
0.916976
0.796484
0.469563
-0.011037
1.13287
2.520688
0.571449
0.864999
0.925069
0.930288
1.023671
0.856611
1.02677
0.911077
0.304278
-0.287481
0.264538
0.702538
0.790029
0.812195
0.13683
0.823678
1.277492
0.653576
0.858082
0.925305
0.35732
0.662056
0.53608
0.762828
-0.394304
0.142379
0.854248
0.761578
0.490993
-0.060324
-0.777221
-0.164975
0.183446
0.829982
-0.234448
0.038141
-0.025956
-0.502478
-1.451581
-1.444922
-0.422077
-0.070784
0.512387
0.08171
-0.594913
-0.473004
0.037593
-0.142552
-1.532219
-0.435534
0.145362
0.064325
-1.227044
-1.293866
-1.246479
-1.13834
-0.562339
-1.134718
-1.879394
-2.058862
-2.06247
-1.68339
-0.857205
-0.483875
-0.08139
-0.372811
-0.442172
-1.306399
-0.722425
-0.012311
-0.858202
-0.674902
-0.486883
-0.050708
0.525328
0.016301
-0.667948
-0.334207
0.103311
0.567535
0.483698
0.557119
0.646617
0.664611
0.630847
0.215715
0.652338
0.513593
0.320068
-0.963198
-1.657914
-1.35143
-1.364422
-1.673164
-1.214592
-0.211405
-0.978747
-0.694909
-0.663747
-0.570664
-2.081252
-1.254876
-0.648562
-0.160043
-0.323755
-1.427332
-1.512549
-1.23036
-1.717624
-1.739913
-1.12328
-1.824857
-2.105437
-1.26438
0.229834
0.303331
-0.021358
-0.189427
0.310895
-0.117369
0.002347
0.530491
0.602296
0.602754
0.73609
0.513999
0.817154
0.565308
0.460028
0.560665
-0.103723
-1.700861
-1.045459
-0.636165
-0.291022
-0.259205
-1.447583
-1.05581
0.27633
-0.413615
0.524604
0.746179
-0.442819
0.6557
0.616106
1.00713
1.285059
0.919497
0.878567
0.718342
0.763062
0.444945
-0.34374
-1.662406
-1.053793
0.124566
0.723613
-1.283114
-1.016014
-0.611973
0.056071
0.293724
0.22613
-1.40463
-2.125244
-0.558976
-1.65558
-1.195677
-1.696265
-2.294334
-0.983675
-0.560455
-0.993448
-0.015306
0.576433
0.557502
0.004646
0.527467
0.513608
-1.17786
-0.327566
-0.098882
-0.172603
-0.816669
-1.74043
-2.312895
-1.908813
-1.472789
-0.901554
-0.431128
-0.61103
-1.806929
-1.277891
-0.350321
-0.112719
0.155929
0.566338
-0.12972
-0.898287
-1.043163
0.256776
0.708877
0.265657
0.564265
0.209143
0.449572
0.079835
0.099913
-0.148405
-0.425324
-1.341715
-1.721597
-2.212564
-1.855679
-1.063064
-1.031046
-1.825503
-1.899372
-0.874334
-1.614995
-2.101554
-1.55393
-1.831898
-1.806637
-0.279436
-0.716448
-0.702253
-0.406636
-1.034864
0.186923
-0.070751
0.505813
0.903361
0.893583
0.126529
-0.455718
-1.084035
-0.41615
-0.131827
0.272157
0.025089
-0.33541
-1.253219
-2.170897
-1.257718
-1.263718
-1.232102
-0.899911
-1.558018
-2.301254
-2.821796
-1.583003
-1.027996
-0.793116
-1.85429
-1.376222
-2.038419
-1.865002
-1.988327
-1.152441
-1.277069
-1.827111
-1.833565
-2.086365
-0.84539
-0.166066
0.381281
0.257915
0.251965
0.142486
0.401834
-0.037718
0.146958
-0.938906
-2.416706
-1.674021
-0.755885
-1.235237
-0.893099
-0.889701
-0.38022
-1.104768
-0.980329
-1.150205
-1.955282
-2.329257
-2.314642
-1.874443
-0.857035
-0.552345
-0.013818
-0.119749
-0.017814
0.15323
-0.550091
-0.096782
-0.126687
0.411911
0.072916
0.478327
-0.218479
0.319348
0.393705
-0.22585
0.098648
0.224162
0.331563
-0.661505
-0.352345
0.116618
0.220967
0.426158
0.433737
-0.053205
-0.471102
-0.795945
-0.539239
-0.328553
-0.312849
0.212207
0.315405
-0.32788
-0.495587
-1.800498
-0.103897
-0.420912
0.253474
0.101543
-0.043375
-0.7527
-0.926525
-1.063811
-0.355266
-0.556746
-0.315811
0.070111
0.271093
0.244083
0.0696
0.187453
-0.040543
-0.068957
-0.25499
0.043011
-0.031977
0.0984
-0.125077
-0.439198
-0.000976
0.230312
-0.027628
-0.053108
-0.237288
0.259118
-0.388541
-0.164266
0.132014
-0.113429
-0.838836
-0.518631
-0.444991
-0.159901
-0.172462
0.014662
-0.24228
-0.253244
-0.313722
-0.595132
-0.775062
-0.558021
-1.295299
-0.214944
0.471085
0.536532
-0.262595
-0.831742
-1.440189
-0.613206
-0.349019
-0.267048
-0.356109
-0.097975
-0.547326
-1.648427
-1.752098
-0.586069
0.09037
-0.117644
0.336591
-0.049937
-0.297771
-0.365435
-0.165702
-0.077452
-0.058889
-0.701009
-1.235846
-0.416365
-0.558513
-0.204279
-0.245232
-0.56301
-0.270175
-0.27511
-1.78837
-2.071017
-1.56574
-0.138235
-0.061845
-0.348371
0.256698
0.391638
0.443261
0.024685
-0.444766
-0.647279
-0.384657
-0.979526
-1.944812
-1.625206
-1.295607
-1.194451
-1.519696
-2.170783
-1.552788
-1.771399
-2.337781
-1.270575
-0.533276
0.176391
0.099061
0.319295
0.14711
-0.02565
-0.815319
-0.740716
-0.192072
-0.22686
-0.630216
-1.737765
-1.209011
-0.175574
0.122752
0.609567
0.469618
0.217862
0.497659
0.734136
0.934229
0.710296
0.308684
0.552302
0.680492
0.738606
-0.036442
0.302292
0.31984
0.421328
0.346921
0.195454
0.118995
0.425741
0.316855
0.123707
0.58525
-0.134756
0.139235
0.081221
-0.060905
0.303987
0.626707
0.53578
-0.033411
-0.421384
-0.16513
-0.813672
-1.818178
-2.392129
-1.237452
-1.34788
-2.284796
-2.597837
-1.241576
-0.207938
-0.390918
-0.072019
0.094354
0.031059
0.046117
-0.943042
-0.846358
-0.42003
-0.349188
-0.290396
-0.249859
-0.943863
-0.34566
-0.137599
-0.803196
-1.75116
-0.928893
0.373505
0.138955
0.130148
0.514407
0.83618
-0.091833
-1.262972
-0.62004
-0.143804
-1.16509
-0.431264
-0.031674
-0.191735
0.227066
0.182792
0.131981
0.292058
0.260703
0.188549
-0.095136
0.3085
-0.137126
-0.055593
-0.185624
0.101905
0.010379
-1.333083
-2.070809
-2.247319
-0.979812
-1.520487
-0.285413
-0.284124
0.265737
-0.008137
0.222281
-0.189143
-0.078813
-0.1392
-0.012778
-0.912714
-0.495605
-0.633253
-1.267511
-2.223917
-1.191795
-0.434132
-0.872575
-0.714687
-1.93564
-2.079632
-1.533323
-0.400565
-0.456486
-0.120699
-0.48961
-0.426338
-0.405818
-0.260287
0.015099
0.222285
-1.295839
-0.623131
-0.015388
-0.018949
0.164776
-0.437651
-0.668106
-0.807377
-1.02678
-0.721642
-0.439726
-0.380254
-0.654662
-0.063986
-0.244627
0.393453
0.773889
0.643962
0.865965
0.586032
0.837709
0.506504
-0.083352
-0.226217
-0.117536
-0.750865
-0.062225
-0.177871
0.01289
0.477915
0.309285
-1.220576
-1.880222
0.028796
-1.235084
-1.399936
-0.677257
-1.18671
-0.887433
-0.403483
-0.336972
-0.494294
-0.9995
-1.24804
-0.714182
-1.710651
-2.238714
-1.6818
-0.365962
0.086359
-0.102349
0.125527
0.2847
0.474517
0.374833
-0.18783
-1.249157
-0.216736
0.075573
-0.007035
-0.210945
-1.126691
-0.473987
-0.402194
0.184118
0.418675
0.028353
0.466702
0.240503
0.304415
-0.259859
-0.767492
-0.468716
-0.6452
0.051429
0.030138
0.501547
-0.051286
0.464128
0.766782
0.932755
0.747455
0.846525
1.175703
-0.431215
0.6618
0.516959
0.718724
0.274522
-0.058594
0.38401
0.033843
-0.147444
-0.443399
-0.27602
-2.290327
-1.600048
-0.305728
-0.349401
0.124337
0.268328
0.512446
-0.778493
-2.142896
-1.164897
-1.656883
-1.735781
-0.672151
0.239942
0.569787
0.436974
0.308965
-0.449093
0.116707
0.376087
0.302115
0.360485
0.590525
0.784083
0.398638
-0.198673
0.05913
-0.728176
0.067937
0.386931
0.036042
-0.852848
0.327926
0.554604
0.30322
-0.653714
-1.13785
0.519735
0.941688
-0.131265
-0.636783
0.242745
0.724737
0.689109
0.543785
-0.430102
-0.188162
-0.134005
-0.056141
-1.614583
-0.304592
-0.250676
0.333759
-0.040194
-0.62927
-1.338537
-0.356126
0.493253
0.556582
0.594095
0.853907
1.499919
-0.202115
0.254868
-0.446689
0.346485
-0.281381
1.081952
0.711794
-0.638319
0.069076
0.234504
0.075288
0.361763
-0.316427
1.031916
1.319202
-0.111526
-0.738305
-0.896924
-1.257708
-0.837997
-0.735368
-0.181561
-0.050459
0.229083
0.191546
0.151232
-0.514293
0.312762
0.14498
-0.224185
0.281677
-0.076899
0.617279
0.045529
0.457931
-0.517739
-0.678735
0.003674
0.009323
0.13207
-0.369192
-0.656968
-0.344665
0.182438
0.481449
0.81648
0.513956
0.198832
0.67021
0.764646
1.265493
1.026493
0.803572
-0.82352
-0.080111
-0.541094
-0.19489
0.363236
0.576419
-0.28941
-0.927742
-1.578604
-0.920867
-0.072511
-0.289455
0.017556
0.184537
-0.363464
-0.39772
-0.16738
0.028513
0.198835
0.557446
0.290835
1.111928
1.189201
1.083909
1.068219
-0.293362
-0.463971
-0.305642
-0.065259
-0.384595
0.242102
0.71284
1.111382
1.161985
1.264794
1.222315
0.499157
0.918176
0.815832
0.595528
0.385833
0.493399
0.274955
0.459597
0.482471
-0.21035
-0.191342
0.094503
-0.386538
-0.49041
-0.462034
-0.205746
-0.868841
-0.353172
-0.036175
0.187416
0.044192
-0.301915
-0.101846
-0.046684
-0.547945
-1.165191
-1.464458
-1.122648
-0.717629
-0.213136
-0.369765
-0.386601
-0.633198
-0.744267
-0.469432
-0.246207
-0.105592
0.29299
-0.132622
-0.066544
-0.233083
-0.542342
-0.266457
-0.566973
0.341701
0.46736
0.488013
0.507488
0.559188
0.124028
0.536863
0.397655
0.599276
0.78501
0.497751
0.479991
0.440148
0.273753
-0.378271
-0.377722
-0.086858
-0.388289
-0.151921
-0.0859
-1.407127
-1.72884
-1.809839
-2.001662
-1.878028
-2.114121
-1.572149
-0.643445
0.066037
0.17287
0.380878
0.270247
0.3493
0.549151
0.651745
0.569123
0.203618
0.261188
-0.010503
0.385156
-0.163062
-0.085803
0.392035
0.207683
0.072127
-0.548517
-0.359047
-0.145752
0.342673
0.358746
0.541097
0.52628
0.421073
0.396585
0.526461
0.463052
0.028591
-0.268407
-0.057601
-0.477318
-0.342665
-0.704829
-0.292191
-0.748158
-0.527354
-0.686324
-0.85501
-0.689463
-1.646007
-1.787337
-1.684471
-1.875313
-1.727317
-1.742678
-2.264546
-2.351254
-2.32873
-2.620419
-1.831904
-0.967804
-0.128447
-1.531927
-0.805239
-1.50832
-1.843131
-0.949428
-2.007422
-1.615365
-0.761622
-0.173769
-0.360716
-0.835901
-0.581123
-1.428641
-1.340434
-1.211222
-0.911701
-0.890778
-0.679212
-0.322269
-0.31012
-0.512861
-0.103478
0.14988
0.397018
-0.000136
-0.165907
-0.397049
-0.513566
-0.155626
-0.312472
-1.66714
-2.091308
-1.326055
-0.529224
-0.708714
-0.64296
0.027352
0.019179
-0.013433
0.258778
0.179177
-0.879043
-1.845696
-0.698589
-0.110991
-1.21912
-1.250866
-1.509951
-2.164353
-2.103885
-1.564702
-1.478057
-1.23855
-1.083939
-0.758564
-0.498644
-0.094014
-0.711754
-0.759202
-1.401775
-1.098162
-1.36957
-0.403736
-0.426763
-0.661942
-0.29816
-1.358057
-0.571086
0.035106
-0.997549
-1.327653
-0.94283
-0.524921
-0.817543
-1.485415
-1.165231
-0.681117
-0.751848
-0.8895
-0.579918
-1.884482
-2.206836
-2.451156
-1.32301
-0.574058
-0.148578
0.296292
-0.236645
-1.393981
-2.316213
-2.47015
-2.887885
-1.963022
-1.726862
-1.580809
-1.594924
-1.328656
-1.823919
-1.437749
-1.642001
-1.547598
-0.633569
-0.150883
-0.24802
-0.566029
-0.241042
-1.120607
-0.687362
-0.439006
-0.997724
-1.529145
-1.946266
-2.340154
-2.327334
-2.232313
-2.025677
-1.704345
-1.439559
-1.061571
-0.869814
-1.081477
-0.718281
-0.390838
0.06464
-1.20314
-1.306655
-1.627455
-1.930859
-1.025783
-1.097766
-1.59135
-1.437659
-1.735521
-2.056771
-2.040698
-1.601448
-1.186129
-1.392797
-2.012701
-1.624389
-1.025934
-0.738651
-0.97237
-1.042106
-1.950708
-0.784009
-0.479393
-0.263537
0.03993
-0.345662
0.142789
0.642233
-0.246254
0.392393
0.481596
0.468913
1.179956
1.476857
1.164282
0.710008
0.676834
-0.841167
-0.028819
-0.695255
0.15903
-0.548778
-0.214032
0.166362
0.806474
0.462016
-0.153135
-0.322536
-1.079244
-0.538053
0.249037
-0.260926
0.113746
-0.337433
0.008488
0.568715
0.586945
0.36051
0.548299
0.25667
0.562505
0.180009
0.624303
0.750024
0.345856
-1.321604
-1.650205
-2.121666
-1.128812
-1.058466
-1.111709
-0.002371
0.043906
-0.026041
0.362173
0.341169
0.888414
0.696735
0.120464
0.806718
0.292464
0.360344
0.625508
0.699547
0.363724
-0.003326
0.317068
-0.813553
-0.440679
0.066341
0.146468
-0.041015
-0.16544
-0.257191
-0.158258
-0.144632
0.264966
-0.240734
0.560905
0.543465
-0.885956
-0.137181
-1.542343
-0.894457
-0.145821
0.069476
0.562532
0.670962
0.314002
-0.300568
-0.100281
0.648865
0.659147
0.140267
-0.814521
-1.271313
-2.057334
-2.320026
-1.075364
0.296792
0.544582
-1.20097
-2.359965
-2.083415
-1.320721
-1.004182
-0.599279
-0.611956
-0.453476
-0.554112
-0.177916
-0.073454
-0.235522
-0.062371
0.034381
0.594534
-0.028038
0.347182
0.818346
0.623764
0.771025
0.979777
1.087487
0.928542
-0.164241
-0.228708
0.055282
-1.467559
-1.893309
-2.602518
-3.04937
-1.644607
-0.571145
0.268194
0.191631
0.565655
0.907712
0.686869
0.518565
0.7487
0.706132
0.913291
0.330138
-0.097897
-0.877226
-1.094341
-1.712572
-1.718885
-1.259279
-1.080369
-0.973533
-1.659136
-1.201102
-0.332904
0.258148
0.902505
0.667812
0.083937
0.25002
-0.370609
-0.301867
-0.335436
0.383493
0.359298
0.280033
-0.137252
-0.802784
0.417264
0.584443
1.104043
1.495722
1.662058
1.381718
1.457825
1.203997
1.669886
1.485337
1.59456
1.557408
1.781464
1.545343
1.623326
1.739038
2.401672
2.734021
2.339463
2.710177
2.460036
1.723196
2.088934
1.667019
1.333928
1.673116
1.41519
1.71248
1.7188
2.418922
2.700157
3.073982
3.071312
1.704799
0.256167
-1.717552
-2.246791
-1.724053
-2.052824
-0.247203
1.114222
0.760511
0.451241
0.906509
0.968052
1.002983
0.973874
0.690022
0.395198
0.533561
0.394082
0.771084
-0.008604
-0.203852
0.715606
0.847362
1.002276
0.745016
0.79233
0.800006
1.466959
1.40513
1.874821
1.582212
0.782294
1.148698
2.028702
1.644515
1.177456
1.027911
1.025822
1.387522
1.263818
1.461004
1.869814
1.440322
1.593388
1.793479
1.933669
1.083885
0.812858
1.429328
-1.311791
-1.484523
-1.083257
-0.338032
-0.663519
0.177536
0.661738
0.156354
1.351111
1.407921
1.915234
2.145583
2.145828
1.592669
0.836769
0.986679
-0.320485
-1.279756
-2.356518
-2.09442
-0.365119
-1.92023
-2.154635
-0.99613
-0.797225
-1.756134
-2.579361
-2.015087
-1.380735
-0.71051
-0.060103
0.02053
-0.166957
-0.527755
-0.725831
-0.189047
0.486271
0.807924
1.197581
1.084663
1.150369
0.971126
1.085023
0.408572
0.697781
-0.245498
0.30464
0.58227
0.189191
0.793795
0.962292
1.32
0.590852
1.374114
0.859715
1.019936
0.248359
0.494345
0.240839
0.136359
0.049627
-1.445644
-0.826628
-1.684669
-2.171177
-1.184604
-0.602618
-0.428967
-2.298438
-0.854283
-1.228732
-2.215467
-0.728726
-0.278885
-0.450329
-0.320942
-1.16834
-0.91877
0.175086
-0.75165
-1.217799
-1.864887
-1.330394
-1.483248
-0.449319
-2.387082
-1.085215
-1.508359
-1.327344
0.289133
1.561603
1.65227
1.873899
1.340963
1.103336
-0.269306
-1.037653
-0.464073
0.860591
1.267849
1.114126
-1.004195
-0.458425
0.762407
1.200047
1.471625
1.32013
1.497413
1.597335
1.33331
1.847088
1.491001
1.44332
1.460736
1.017516
-0.66157
0.218024
1.135436
1.804794
1.032486
-0.364657
-2.360119
-1.404179
-0.451787
-0.421806
0.604181
0.636057
0.460804
0.21554
0.08204
0.080136
-0.022224
0.647015
1.015485
0.798255
0.406249
0.913652
1.399801
0.983371
0.557114
-0.613839
-0.474038
-1.46218
-2.014896
-2.355088
-0.67559
-1.672038
-0.252387
0.518161
0.984681
1.058267
0.82824
0.581754
0.239693
0.568719
1.119067
0.442084
-0.959648
-0.533899
0.326211
-0.420288
-1.990159
-0.680973
-0.948914
-0.267936
0.657719
1.614592
1.101689
0.801803
-0.502221
-0.524462
0.624223
0.159411
-1.791415
-0.325835
-0.16052
-0.519158
1.046058
1.014514
-1.382737
-1.084786
-2.589319
-1.790784
-0.281906
-0.87719
-0.993001
-0.49851
-0.227096
-0.054032
-0.171728
0.021637
-0.694636
0.258719
0.173565
0.467235
0.457675
0.265973
-0.48991
-0.184674
-0.487649
-1.452989
-0.486764
-0.583616
-0.745305
-0.090628
-0.88758
-0.730964
-0.017984
0.91495
1.090325
1.189768
0.687476
1.002534
0.302091
-0.228006
-0.187033
-0.473356
-0.565044
-0.026887
0.395643
0.165628
-0.522486
-0.433939
-1.617987
-2.660197
-2.446889
-2.467409
-2.127119
